function colMap = cm_Poulter

colMap = [ 0.0117647058823529, 0.00392156862745098, 0.552941176470588;
           0,                  0.00784313725490196, 1;
           0,                  0.196078431372549,   0.984313725490196;
           0.250980392156863,  0.929411764705882,   0.0823529411764706;
           0.984313725490196,  0.850980392156863,   0;
           0.996078431372549,  0.376470588235294,   0;
           1,                  0,                   0;
           0.509803921568627,  0,                   0 ];
end

