function cMap = highContGrayColMap
% High contrast grey colour map
% Color map for plotting decoding posterior maps from CBarry.
%
% LM 2017

cMap = [1,1,1;
        0.991836734693878,0.991836734693878,0.991836734693878;
        0.983673469387755,0.983673469387755,0.983673469387755;
        0.975510204081633,0.975510204081633,0.975510204081633;
        0.967346938775510,0.967346938775510,0.967346938775510;
        0.959183673469388,0.959183673469388,0.959183673469388;
        0.951020408163265,0.951020408163265,0.951020408163265;
        0.935714285714286,0.935714285714286,0.935714285714286;
        0.919387755102041,0.919387755102041,0.919387755102041;
        0.903061224489796,0.903061224489796,0.903061224489796;
        0.886734693877551,0.886734693877551,0.886734693877551;
        0.870408163265306,0.870408163265306,0.870408163265306;
        0.854081632653061,0.854081632653061,0.854081632653061;
        0.837755102040816,0.837755102040816,0.837755102040816;
        0.821428571428571,0.821428571428571,0.821428571428571;
        0.805102040816327,0.805102040816327,0.805102040816327;
        0.788775510204082,0.788775510204082,0.788775510204082;
        0.772448979591837,0.772448979591837,0.772448979591837;
        0.756122448979592,0.756122448979592,0.756122448979592;
        0.734693877551020,0.734693877551020,0.734693877551020;
        0.710204081632653,0.710204081632653,0.710204081632653;
        0.685714285714286,0.685714285714286,0.685714285714286;
        0.661224489795918,0.661224489795918,0.661224489795918;
        0.636734693877551,0.636734693877551,0.636734693877551;
        0.612244897959184,0.612244897959184,0.612244897959184;
        0.587755102040816,0.587755102040816,0.587755102040816;
        0.563265306122449,0.563265306122449,0.563265306122449;
        0.538775510204082,0.538775510204082,0.538775510204082;
        0.514285714285714,0.514285714285714,0.514285714285714;
        0.489795918367347,0.489795918367347,0.489795918367347;
        0.465306122448980,0.465306122448980,0.465306122448980;
        0.437755102040816,0.437755102040816,0.437755102040816;
        0.405102040816327,0.405102040816327,0.405102040816327;
        0.372448979591837,0.372448979591837,0.372448979591837;
        0.339795918367347,0.339795918367347,0.339795918367347;
        0.307142857142857,0.307142857142857,0.307142857142857;
        0.274489795918367,0.274489795918367,0.274489795918367;
        0.245918367346939,0.245918367346939,0.245918367346939;
        0.229591836734694,0.229591836734694,0.229591836734694;
        0.213265306122449,0.213265306122449,0.213265306122449;
        0.196938775510204,0.196938775510204,0.196938775510204;
        0.180612244897959,0.180612244897959,0.180612244897959;
        0.164285714285714,0.164285714285714,0.164285714285714;
        0.146938775510204,0.146938775510204,0.146938775510204;
        0.122448979591837,0.122448979591837,0.122448979591837;
        0.0979591836734695,0.0979591836734695,0.0979591836734695;
        0.0734693877551019,0.0734693877551019,0.0734693877551019;
        0.0489795918367348,0.0489795918367348,0.0489795918367348;
        0.0244897959183674,0.0244897959183674,0.0244897959183674;
        0,0,0];
   
end

